Tf: 500
change_p: 50
hmax: 0.1
image_name: scenario_E4_new.svg
initial:
  A_0: 0
  D_0: 0
  E_0: 1.0e-06
  I_0: 0
  Q_0: 0
  R_0: 0
  S_0: 0.999999
  T_0: 0
parameters:
  alpha: 0.4
  delta: 0.5
  epsilon: 0
  gamma1: 0.125
  gamma2: 0.0625
  mu: 0.002428571428571429
  p:
  - 0
  - 0.8
  sigma: 0.5
  tau: 0.3125
